FS_WITH_BEST_MCC	400
STEP	MCC	MCC_MIN	MCC_MAX	SENS	SENS_MIN	SENS_MAX	SPEC	SPEC_MIN	SPEC_MAX	PPV	PPV_MIN	PPV_MAX	NPV	NPV_MIN	NPV_MAX	AUC	AUC_MIN	AUC_MAX	ACC	ACC_MIN	ACC_MAX	DOR	DOR_MIN	DOR_MAX	DOR_APPROX
1	0.32639891648749575	0.25982429912731014	0.39738139491743718	0.42909090909090908	0.37818181818181806	0.4818181818181817	0.86679999999999979	0.84412307692307675	0.88867692307692292	0.58099894549894548	0.52312248862248867	0.64375385725385736	0.78291772108462065	0.76479538950880477	0.80206137517802445	0.5070853146853147	0.42884195804195807	0.58343496503496506	0.73593093093093087	0.70998498498498508	0.76283783783783787	inf	inf	inf	4.8909929037317479
2	0.47120672774439304	0.40771978313651169	0.53463605057903019	0.51272727272727259	0.45818181818181825	0.56363636363636349	0.91184615384615375	0.89393846153846146	0.93043076923076884	0.71091619491619507	0.65958075258075266	0.76318315018315019	0.81830180440516931	0.80017572938123538	0.83597122295164583	0.78940979020978996	0.74774825174825166	0.82929230769230766	0.79262762762762762	0.7694894894894897	0.81557057057057047	inf	inf	inf	10.884152535750548
3	0.5860621642778896	0.52586923481367887	0.64654633109003545	0.57999999999999996	0.52000000000000002	0.64363636363636378	0.94744615384615327	0.9356923076923076	0.95901538461538394	0.8134343434343434	0.77246681096681091	0.85018037518037504	0.84689784881148156	0.82773093511237184	0.86813102733792358	0.85783496503496504	0.82532027972027966	0.89051188811188819	0.83768768768768798	0.81651651651651658	0.85962462462462452	inf	inf	inf	24.895951823352004
4	0.67236318426423891	0.62788668623072463	0.71480529941001547	0.65818181818181809	0.60363636363636364	0.71090909090909049	0.95729230769230755	0.94793846153846117	0.96744615384615362	0.87092646242646221	0.84282839382839381	0.8991039516039514	0.87322908713005376	0.85566223969104316	0.89014187274020418	0.90264055944055965	0.87428811188811228	0.928316083916084	0.86804804804804814	0.85135135135135143	0.88384384384384374	inf	inf	inf	43.160770126923623
5	0.76566056661605086	0.72713325302184939	0.80149738093686451	0.75636363636363624	0.71272727272727254	0.79272727272727261	0.96596923076923036	0.95606153846153785	0.97606153846153798	0.91010711510711473	0.88346842046842011	0.93683333333333296	0.90567878101073307	0.89079724959051954	0.91817173733035806	0.94407272727272729	0.92648671328671328	0.95882797202797188	0.9034084084084083	0.88831831831831853	0.91731231231231203	inf	inf	inf	88.121130333862965
6	0.84220274363930514	0.81198537692688399	0.87076050098947022	0.84727272727272707	0.81454545454545435	0.87818181818181795	0.97141538461538413	0.96221538461538414	0.9798461538461537	0.9291176046176044	0.90751803751803739	0.94952525252525233	0.9387058088782223	0.92638049485635643	0.95076085498154417	0.97229650349650332	0.96333146853146812	0.98055664335664305	0.93432432432432411	0.92193693693693735	0.94573573573573566	inf	inf	inf	188.52947357629449
7	0.89182976005319314	0.86860944255956452	0.91226108459136401	0.90727272727272701	0.88545454545454516	0.92727272727272736	0.97455384615384577	0.96686153846153777	0.9822769230769226	0.94081196581196536	0.92279797979797973	0.95918181818181802	0.96189947089947081	0.95309198209198187	0.97022743182743154	0.98475804195804184	0.97934825174825146	0.98971468531468498	0.954399399399399	0.94471471471471491	0.963033033033033	inf	inf	inf	374.7262014842143
8	0.9074844370834374	0.87900051514761257	0.93306439691410592	0.92909090909090897	0.90181818181818163	0.95272727272727264	0.97443076923076899	0.96587692307692274	0.98295384615384573	0.94127994227994161	0.92221933621933616	0.95986868686868676	0.97089891653684735	0.96022512736305798	0.98043402523402501	0.99056503496503479	0.98649230769230778	0.99422937062937056	0.96087087087087086	0.94941441441441465	0.97132132132132165	inf	inf	inf	499.33225338639926
9	0.92084172658716623	0.89545048417075213	0.94392239658609822	0.94909090909090887	0.9272727272727268	0.96909090909090911	0.9736923076923073	0.96529230769230734	0.9814769230769228	0.94053885003884974	0.92266355866355854	0.9583372183372183	0.97881191248087773	0.96999365360054968	0.98701925111925104	0.99213146853146872	0.98822097902097927	0.99548251748251759	0.9663363363363362	0.95594594594594595	0.97608108108108116	inf	inf	inf	690.00375939848266
10	0.93430856983600252	0.91226597885566119	0.95428685825365955	0.95999999999999985	0.93999999999999984	0.97818181818181804	0.97670769230769205	0.96796923076923047	0.98452307692307661	0.9490844710844708	0.93079442779442745	0.96527272727272728	0.98323189113623866	0.97543783334218115	0.99066130841783007	0.99493986013986013	0.99236083916083928	0.99710769230769225	0.97172672672672677	0.96202702702702736	0.98040540540540544	inf	inf	inf	1006.3830911492583
20	0.93420099809124157	0.91659400127507984	0.94990870318276432	0.96545454545454523	0.95090909090909082	0.97999999999999987	0.97356923076923063	0.96492307692307677	0.98209230769230726	0.94434032634032616	0.92636829836829815	0.9617249417249415	0.98562299552299537	0.97948595848595832	0.99166743996743989	0.99436363636363623	0.99091188811188802	0.99688111888111863	0.97117117117117113	0.96360360360360364	0.97816816816816798	inf	inf	inf	1029.4326940751055
30	0.93464870240790243	0.9189146203632419	0.95083349033983311	0.95999999999999952	0.94181818181818178	0.97636363636363621	0.97664615384615361	0.96950769230769207	0.98359999999999981	0.94973659673659649	0.93449184149184139	0.96482983682983647	0.98356115251287646	0.97630749021093832	0.99019080179080166	0.9945174825174824	0.99102377622377613	0.99739300699300704	0.97169669669669645	0.96512012012012005	0.97864864864864842	inf	inf	inf	1003.6679841897003
40	0.93182931315871498	0.91474812311319598	0.94775431819569012	0.95454545454545425	0.93818181818181789	0.96909090909090889	0.97744615384615363	0.96969230769230752	0.98504615384615379	0.95102564102564102	0.9347086247086247	0.96722610722610691	0.98113097273097227	0.97434399674399641	0.98714008954008947	0.9931132867132868	0.98885314685314696	0.99653146853146868	0.97064564564564559	0.96358858858858898	0.97720720720720744	inf	inf	inf	910.10504774896185
50	0.92921434715022799	0.91414510202917532	0.94384273807655528	0.95272727272727242	0.9363636363636364	0.96727272727272695	0.97664615384615361	0.96963076923076885	0.98359999999999981	0.94922377622377607	0.93381351981351979	0.96390442890442884	0.98032869352869312	0.9736887260887257	0.9860809116809115	0.99425454545454528	0.98999160839160838	0.99754965034965037	0.96953453453453453	0.96307807807807821	0.97590090090090087	inf	inf	inf	842.82375595417636
60	0.93764392322029011	0.92327911376939797	0.95127373689368189	0.95636363636363608	0.93999999999999995	0.97090909090909061	0.980553846153846	0.97504615384615378	0.98670769230769229	0.95686247086247045	0.94432867132867104	0.97042424242424219	0.98192641432641392	0.97562067562067523	0.9878609686609684	0.99236363636363623	0.98796363636363593	0.996206993006993	0.97336336336336327	0.96740240240240227	0.97926426426426416	inf	inf	inf	1105.1271097046249
70	0.9451384447126604	0.92924545608190623	0.95955607057397596	0.95999999999999974	0.94545454545454521	0.97272727272727266	0.98369230769230753	0.97753846153846102	0.98923076923076902	0.96352913752913727	0.95046853146853127	0.97628671328671313	0.98338803418803378	0.97740512820512782	0.98871566951566947	0.99278601398601385	0.98866573426573412	0.99641398601398601	0.97662162162162147	0.97009009009009006	0.98261261261261257	inf	inf	inf	1447.6981132075232
80	0.94775576465888334	0.93210950699737727	0.96184117040747796	0.95999999999999974	0.94545454545454521	0.97272727272727266	0.9852615384615383	0.97913846153846118	0.99076923076923062	0.96716550116550093	0.95407226107226084	0.97990909090909084	0.98344729344729298	0.97746438746438713	0.98877492877492856	0.99313566433566403	0.98893706293706285	0.9967720279720278	0.97771771771771787	0.97124624624624634	0.98369369369369364	inf	inf	inf	1604.3924843423513
90	0.95287096996931464	0.93850604591485398	0.96577987493287276	0.96545454545454523	0.95090909090909082	0.97818181818181815	0.98603076923076916	0.98055384615384578	0.99147692307692281	0.96890909090909061	0.9559696969696968	0.98090909090909095	0.98566951566951533	0.97971509971509929	0.9909971509971508	0.99348531468531442	0.98963636363636354	0.99691188811188791	0.97987987987988001	0.97388888888888914	0.98533033033033035	inf	inf	inf	1972.6902388128672
100	0.9517554004179466	0.93738379688722651	0.96565716060999574	0.96545454545454523	0.95090909090909082	0.97818181818181815	0.98523076923076913	0.97904615384615368	0.99138461538461531	0.96749883449883423	0.95455944055944042	0.98069696969696951	0.98566951566951533	0.97971509971509929	0.9909971509971508	0.99310769230769225	0.98909370629370619	0.99653146853146879	0.97932432432432448	0.97328828828828851	0.98527027027027014	inf	inf	inf	1864.3223684210275
200	0.95448446827467082	0.93916178564275588	0.96740753873194707	0.97090909090909061	0.9563636363636363	0.98363636363636342	0.98446153846153839	0.97821538461538426	0.98993846153846154	0.96598368298368276	0.95214918414918426	0.97833333333333317	0.98794871794871786	0.98196581196581167	0.99321937321937315	0.99544335664335648	0.99249510489510495	0.99790209790209805	0.98042042042042066	0.97397897897897934	0.98593093093093098	inf	inf	inf	2114.5210396039279
300	0.95982986368512313	0.94897892616954027	0.97015236447272368	0.97818181818181782	0.96727272727272706	0.98909090909090891	0.98449230769230756	0.97898461538461523	0.98990769230769204	0.96636363636363609	0.95439393939393913	0.97803030303030281	0.99093789173789149	0.98637948717948687	0.99538233618233618	0.99733986013985998	0.99510489510489497	0.99901818181818158	0.98261261261261301	0.97776276276276308	0.98702702702702727	inf	inf	inf	2846.2050264549525
400	0.96239130813587215	0.95005331201872378	0.9737265819574894	0.98363636363636342	0.97454545454545427	0.99272727272727268	0.9837230769230767	0.97830769230769177	0.98913846153846141	0.96454545454545426	0.95272727272727253	0.97636363636363643	0.99313162393162369	0.98922165242165216	0.9969492877492877	0.99846153846153829	0.99720279720279725	0.99944055944055943	0.98369369369369375	0.97830330330330351	0.98855855855855879	inf	inf	inf	3632.9155639570527
500	0.95417950701722143	0.94022347622785718	0.9677497517501531	0.98363636363636342	0.97454545454545427	0.99272727272727268	0.97833846153846127	0.97129230769230746	0.98606153846153821	0.95364801864801851	0.93860139860139835	0.96954545454545438	0.99307236467236459	0.989105413105413	0.99692079772079767	0.99664335664335657	0.99335664335664342	0.99930069930069931	0.97990990990991012	0.97394894894894901	0.98584084084084078	inf	inf	inf	2714.9046717171004
600	0.95288431000552476	0.93837353110889199	0.96771158327930218	0.98181818181818159	0.97090909090909061	0.99272727272727257	0.9783076923076921	0.97129230769230757	0.98535384615384569	0.95364801864801829	0.93900932400932391	0.96854312354312344	0.99238453398453386	0.98770761090761083	0.99686153846153847	0.99671328671328641	0.99342657342657337	0.99937062937062937	0.97935435435435436	0.97288288288288316	0.985855855855856	inf	inf	inf	2435.3617021276045
700	0.94939532292904039	0.93310291650439614	0.96494690142071216	0.98363636363636342	0.97454545454545427	0.99272727272727268	0.97516923076923046	0.96729230769230756	0.98369230769230753	0.94736596736596734	0.93134032634032626	0.96510489510489517	0.99297749287749282	0.98891082621082615	0.99688746438746423	0.99346293706293698	0.98909650349650358	0.99747972027972021	0.97770270270270276	0.97021021021021014	0.98472972972972983	inf	inf	inf	2360.7205011702526
800	0.95224094426673478	0.93450022323995985	0.96868140625991483	0.98363636363636342	0.97454545454545427	0.99272727272727268	0.97673846153846144	0.9674769230769229	0.98523076923076902	0.95154678654678659	0.93326839826839814	0.96869463869463857	0.99293413848631251	0.98878760064412252	0.99685925925925933	0.99136223776223775	0.98527552447552447	0.99653986013986018	0.97879879879879883	0.97066066066066081	0.98590090090090099	inf	inf	inf	2524.0305702527485
900	0.9380410086123645	0.91928611015694461	0.95492893692145708	0.98545454545454536	0.97454545454545438	0.9945454545454544	0.96664615384615371	0.95673846153846109	0.97658461538461505	0.9308824508824507	0.91206793206793169	0.95013986013985996	0.99361305586522974	0.98901191626409013	0.99753333333333327	0.98496503496503496	0.97863496503496494	0.99163356643356659	0.97226726726726753	0.96366366366366363	0.9798948948948949	inf	inf	inf	1963.4999999999789
1000	0.93074231048040734	0.91159673092074955	0.94922763497862561	0.98363636363636342	0.97272727272727255	0.99272727272727268	0.96283076923076916	0.95366153846153812	0.97212307692307665	0.92280552780552771	0.90503996003996012	0.94185314685314681	0.99275379660597063	0.98810052025269424	0.99679743589743586	0.98451748251748239	0.97802237762237765	0.99094545454545457	0.9690390390390391	0.96037537537537498	0.97720720720720722	inf	inf	inf	1557.116629874884
2000	0.91056411468627241	0.88769049605732464	0.93237250774973812	0.98545454545454536	0.97454545454545438	0.9945454545454544	0.94723076923076899	0.93421538461538445	0.96055384615384598	0.89588511488511513	0.87195104895104858	0.92119513819513787	0.99352302737520137	0.988825925925926	0.99753043478260861	0.97815104895104876	0.97100699300699289	0.98556363636363631	0.95866366366366362	0.94783783783783793	0.96902402402402421	inf	inf	inf	1216.1421282798694
3000	0.90603548247848698	0.88453256531856383	0.92834247802188652	0.98909090909090902	0.97999999999999987	0.99636363636363623	0.94175384615384605	0.92843076923076895	0.95566153846153834	0.88722119547119571	0.86242307692307696	0.91317224442224443	0.9951476042476044	0.99106187516187516	0.99842592592592594	0.97905454545454551	0.97166433566433563	0.98675804195804173	0.95594594594594584	0.94519519519519535	0.96633633633633653	inf	inf	inf	1465.9454129247986
3964	0.90201207065171507	0.88053011782965196	0.92548850352576539	0.98909090909090902	0.97999999999999987	0.99636363636363623	0.93867692307692296	0.92489230769230746	0.95341538461538433	0.88240567765567801	0.85750824175824192	0.90931043956043967	0.99508060313277713	0.99093116673986248	0.99840000000000007	0.97633006993006988	0.96723076923076912	0.98557482517482531	0.95378378378378359	0.94343843843843811	0.96510510510510528	inf	inf	inf	1387.8414450576902
