#OTU ID	merged242	merged66	merged242	merged187	merged19	merged187	merged19	merged187	merged364	Label
taxonomy	k__Bacteria;p__Firmicutes;c__Clostridia;o__Clostridiales;f__Lachnospiraceae;g__Lachnospira;s__	k__Bacteria;p__Firmicutes;c__Clostridia;o__Clostridiales;f__Lachnospiraceae;g__Lachnospira	k__Bacteria;p__Firmicutes;c__Clostridia;o__Clostridiales;f__Lachnospiraceae;g__Lachnospira;s__	k__Bacteria;p__Bacteroidetes;c__Bacteroidia;o__Bacteroidales;f__Rikenellaceae;g__;s__	k__Bacteria;p__Bacteroidetes;c__Bacteroidia;o__Bacteroidales;f__Rikenellaceae;g__	k__Bacteria;p__Bacteroidetes;c__Bacteroidia;o__Bacteroidales;f__Rikenellaceae;g__;s__	k__Bacteria;p__Bacteroidetes;c__Bacteroidia;o__Bacteroidales;f__Rikenellaceae;g__	k__Bacteria;p__Bacteroidetes;c__Bacteroidia;o__Bacteroidales;f__Rikenellaceae;g__;s__	k__Bacteria;p__Bacteroidetes;c__Bacteroidia;o__Bacteroidales;f__Rikenellaceae	
IBD.10	0.0	0.0	0.0	0.00331125827815	0.00331125827815	0.00331125827815	0.00331125827815	0.00331125827815	0.00331125827815	0
IBD.18	0.0	0.0	0.0	0.00100200400802	0.00100200400802	0.00100200400802	0.00100200400802	0.00100200400802	0.00100200400802	0
IBD.2	0.0015015015015	0.0015015015015	0.0015015015015	0.003003003003	0.003003003003	0.003003003003	0.003003003003	0.003003003003	0.003003003003	0
IBD.20	0.00198412698413	0.00198412698413	0.00198412698413	0.0	0.0	0.0	0.0	0.0	0.0	0
IBD.22	0.00464576074332	0.00464576074332	0.00464576074332	0.00116144018583	0.00116144018583	0.00116144018583	0.00116144018583	0.00116144018583	0.00116144018583	0
IBD.29	0.00287081339713	0.00287081339713	0.00287081339713	0.0	0.0	0.0	0.0	0.0	0.0	0
IBD.3	0.0	0.0	0.0	0.00338524035206	0.00338524035206	0.00338524035206	0.00338524035206	0.00338524035206	0.00338524035206	0
IBD.30	0.0	0.0	0.0	0.0	0.0	0.0	0.0	0.0	0.0	0
IBD.31	0.0	0.0	0.0	0.00298062593145	0.00298062593145	0.00298062593145	0.00298062593145	0.00298062593145	0.00298062593145	0
IBD.33	0.0	0.0	0.0	0.000793021411578	0.000793021411578	0.000793021411578	0.000793021411578	0.000793021411578	0.000793021411578	0
IBD.34	0.00253592561285	0.00253592561285	0.00253592561285	0.0050718512257	0.0050718512257	0.0050718512257	0.0050718512257	0.0050718512257	0.0050718512257	0
IBD.36	0.00284738041002	0.00284738041002	0.00284738041002	0.0	0.0	0.0	0.0	0.0	0.0	0
IBD.37	0.0	0.0	0.0	0.0	0.0	0.0	0.0	0.0	0.0	0
IBD.38	0.00788954635108	0.00788954635108	0.00788954635108	0.0	0.0	0.0	0.0	0.0	0.0	0
IBD.4	0.0	0.0	0.0	0.000805801772764	0.000805801772764	0.000805801772764	0.000805801772764	0.000805801772764	0.000805801772764	0
IBD.40	0.0	0.0	0.0	0.000791139240506	0.000791139240506	0.000791139240506	0.000791139240506	0.000791139240506	0.000791139240506	0
IBD.43	0.0	0.0	0.0	0.0111731843575	0.0111731843575	0.0111731843575	0.0111731843575	0.0111731843575	0.0111731843575	0
IBD.46	0.0	0.0	0.0	0.00435255712731	0.00435255712731	0.00435255712731	0.00435255712731	0.00435255712731	0.00435255712731	0
IBD.48	0.0	0.0	0.0	0.0	0.0	0.0	0.0	0.0	0.0	0
IBD.50	0.0	0.0	0.0	0.0	0.0	0.0	0.0	0.0	0.0	0
IBD.51	0.0079086115993	0.0079086115993	0.0079086115993	0.00351493848858	0.00351493848858	0.00351493848858	0.00351493848858	0.00351493848858	0.00351493848858	0
IBD.58	0.0	0.0	0.0	0.00727802037846	0.00727802037846	0.00727802037846	0.00727802037846	0.00727802037846	0.00727802037846	0
IBD.6	0.00339558573854	0.00339558573854	0.00339558573854	0.00169779286927	0.00169779286927	0.00169779286927	0.00169779286927	0.00169779286927	0.00169779286927	0
IBD.60	0.0	0.0	0.0	0.0118764845606	0.0118764845606	0.0118764845606	0.0118764845606	0.0118764845606	0.0118764845606	0
IBD.61	0.0	0.0	0.0	0.0251655629139	0.0251655629139	0.0251655629139	0.0251655629139	0.0251655629139	0.0251655629139	0
IBD.68	0.00403225806452	0.00403225806452	0.00403225806452	0.0618279569892	0.0618279569892	0.0618279569892	0.0618279569892	0.0618279569892	0.0618279569892	0
IBD.70	0.0	0.0	0.0	0.0	0.0	0.0	0.0	0.0	0.0	0
IBD.73	0.0	0.0	0.0	0.0	0.0	0.0	0.0	0.0	0.0	0
IBD.8	0.00769230769231	0.00769230769231	0.00769230769231	0.0278846153846	0.0278846153846	0.0278846153846	0.0278846153846	0.0278846153846	0.0278846153846	0
IBD.9	0.0	0.0	0.0	0.0	0.0	0.0	0.0	0.0	0.0	0
neg.01	0.0	0.0	0.0	0.0621118012422	0.0621118012422	0.0621118012422	0.0621118012422	0.0621118012422	0.0621118012422	1
neg.02	0.017094017094	0.017094017094	0.017094017094	0.017094017094	0.017094017094	0.017094017094	0.017094017094	0.017094017094	0.017094017094	1
neg.03	0.0174496644295	0.0174496644295	0.0174496644295	0.0268456375839	0.0268456375839	0.0268456375839	0.0268456375839	0.0268456375839	0.0268456375839	1
neg.04	0.0	0.0	0.0	0.0	0.0	0.0	0.0	0.0	0.0	1
neg.05	0.0	0.0	0.0	0.203808543489	0.203808543489	0.203808543489	0.203808543489	0.203808543489	0.203808543489	1
neg.06	0.0327868852459	0.0327868852459	0.0327868852459	0.0368852459016	0.0368852459016	0.0368852459016	0.0368852459016	0.0368852459016	0.0368852459016	1
neg.07	0.00139275766017	0.00139275766017	0.00139275766017	0.025069637883	0.025069637883	0.025069637883	0.025069637883	0.025069637883	0.025069637883	1
neg.08	0.0	0.0	0.0	0.0418760469012	0.0418760469012	0.0418760469012	0.0418760469012	0.0418760469012	0.0418760469012	1
neg.09	0.0	0.0	0.0	0.116903633491	0.116903633491	0.116903633491	0.116903633491	0.116903633491	0.116903633491	1
neg.10	0.0	0.0	0.0	0.0474683544304	0.0474683544304	0.0474683544304	0.0474683544304	0.0474683544304	0.0474683544304	1
neg.11	0.010970464135	0.010970464135	0.010970464135	0.00253164556962	0.00253164556962	0.00253164556962	0.00253164556962	0.00253164556962	0.00253164556962	1
neg.12	0.000780031201248	0.000780031201248	0.000780031201248	0.0198907956318	0.0198907956318	0.0198907956318	0.0198907956318	0.0198907956318	0.0198907956318	1
neg.13	0.0203180212014	0.0203180212014	0.0203180212014	0.0371024734982	0.0371024734982	0.0371024734982	0.0371024734982	0.0371024734982	0.0371024734982	1
neg.14	0.0313901345291	0.0313901345291	0.0313901345291	0.00560538116592	0.00560538116592	0.00560538116592	0.00560538116592	0.00560538116592	0.00560538116592	1
neg.15	0.00911458333333	0.00911458333333	0.00911458333333	0.01953125	0.01953125	0.01953125	0.01953125	0.01953125	0.01953125	1
neg.16	0.0032967032967	0.0032967032967	0.0032967032967	0.0703296703297	0.0703296703297	0.0703296703297	0.0703296703297	0.0703296703297	0.0703296703297	1
neg.17	0.00662739322533	0.00662739322533	0.00662739322533	0.0611192930781	0.0611192930781	0.0611192930781	0.0611192930781	0.0611192930781	0.0611192930781	1
neg.18	0.00111111111111	0.00111111111111	0.00111111111111	0.0777777777778	0.0777777777778	0.0777777777778	0.0777777777778	0.0777777777778	0.0777777777778	1
neg.19	0.0104438642298	0.0104438642298	0.0104438642298	0.00783289817232	0.00783289817232	0.00783289817232	0.00783289817232	0.00783289817232	0.00783289817232	1
neg.20	0.00613496932515	0.00613496932515	0.00613496932515	0.0351366424986	0.0351366424986	0.0351366424986	0.0351366424986	0.0351366424986	0.0351366424986	1
neg.21	0.0	0.0	0.0	0.0605670103093	0.0605670103093	0.0605670103093	0.0605670103093	0.0605670103093	0.0605670103093	1
neg.22	0.0042689434365	0.0042689434365	0.0042689434365	0.0234791889007	0.0234791889007	0.0234791889007	0.0234791889007	0.0234791889007	0.0234791889007	1
neg.23	0.0137575236457	0.0137575236457	0.0137575236457	0.115219260533	0.115219260533	0.115219260533	0.115219260533	0.115219260533	0.115219260533	1
neg.24	0.00505369551485	0.00505369551485	0.00505369551485	0.200252684776	0.200252684776	0.200252684776	0.200252684776	0.200252684776	0.200252684776	1
neg.25	0.0	0.0	0.0	0.0131964809384	0.0131964809384	0.0131964809384	0.0131964809384	0.0131964809384	0.0131964809384	1
neg.26	0.0166435506241	0.0166435506241	0.0166435506241	0.162968099861	0.162968099861	0.162968099861	0.162968099861	0.162968099861	0.162968099861	1
neg.27	0.00581395348837	0.00581395348837	0.00581395348837	0.030523255814	0.030523255814	0.030523255814	0.030523255814	0.030523255814	0.030523255814	1
