FEATURE_ID	FEATURE_NAME	MEAN_POS	MEDIAN_ALL	MEDIAN_0	MEDIAN_1	FOLD_CHANGE	LOG2_FOLD_CHANGE
241	merged241	8.0399999999999991	0.0	0.0	0.00059595000000000004	inf	inf
276	merged276	11.4	0.0	0.0	0.00075443000000000005	inf	inf
263	merged263	12.52	0.028030300000000001	0.013036005	0.10361281999999999	7.9482034565037365	2.9906288028759751
135	merged135	13.84	0.0	0.0	0.0017574699999999999	inf	inf
269	merged269	19.18	0.026054589999999999	0.00156325	0.12683089	81.132825843595072	6.3422138330063786
239	merged239	20.780000000000001	0.0	0.0	0.00068073999999999999	inf	inf
157	merged157	21.379999999999999	0.0	0.0	0.0	nan	nan
69	merged69	21.539999999999999	0.0	0.0	0.0	nan	nan
4	merged4	21.719999999999999	0.60019268000000003	0.38818560499999999	0.76376924999999996	1.967536251118843	0.97639021709366691
194	merged194	22.899999999999999	0.01237766	0.0014255750000000001	0.065972219999999998	46.277621310699189	5.5322428061034525
96	merged96	23.84	0.01237766	0.0014255750000000001	0.065972219999999998	46.277621310699189	5.5322428061034525
281	merged281	24.600000000000001	0.0	0.0	0.0	nan	nan
261	merged261	29.260000000000002	0.13398373999999999	0.062862265000000001	0.18892793999999999	3.0054268645903863	1.5875699132964165
50	merged50	29.82	0.0	0.0	0.0	nan	nan
13	merged13	30.34	0.0	0.0	0.00070821999999999997	inf	inf
161	merged161	32.240000000000002	0.0074983000000000003	0.000671665	0.053714289999999998	79.971846083985312	6.3214202865894693
73	merged73	32.240000000000002	0.0074983000000000003	0.000671665	0.053714289999999998	79.971846083985312	6.3214202865894693
253	merged253	32.960000000000001	0.0011904800000000001	0.0	0.0037369199999999999	inf	inf
151	merged151	39.840000000000003	0.0	0.0	0.0	nan	nan
65	merged65	39.920000000000002	0.0	0.0	0.0	nan	nan
324	merged324	40.460000000000001	0.0069444399999999996	0.00053584500000000007	0.048000000000000001	89.578142933124312	6.4850748525194257
302	merged302	46.020000000000003	0.0	0.0	0.0	nan	nan
7	merged7	46.539999999999999	0.01834618	0.0039764099999999997	0.10967185	27.580619201742277	4.7855829414874442
55	merged55	46.840000000000003	0.59055877000000001	0.38265408499999998	0.74233128999999998	1.9399539142513009	0.95602238000475259
23	merged23	47.079999999999998	0.59055877000000001	0.38318666499999998	0.74233128999999998	1.9372576287329832	0.95401582538164953
200	merged200	51.520000000000003	0.0	0.0	0.00068165999999999995	inf	inf
31	merged31	54.299999999999997	0.0092101600000000002	0.001391485	0.06072106	43.637595805919574	5.4474997140918786
222	merged222	54.619999999999997	0.0	0.0	0.0	nan	nan
240	merged240	55.119999999999997	0.00032679999999999997	0.0	0.0020818899999999999	inf	inf
265	merged265	57.100000000000001	0.00333016	0.00091524	0.0071513699999999998	7.8136554346400944	2.9659976371831656
235	merged235	58.0	0.0083260299999999999	0.0030124599999999998	0.039293509999999997	13.043661990532653	3.7052770560127355
124	merged124	58.119999999999997	0.0083260299999999999	0.0030124599999999998	0.039293509999999997	13.043661990532653	3.7052770560127355
99	merged99	59.200000000000003	0.0	0.0	0.0029895400000000002	inf	inf
133	merged133	61.020000000000003	0.2320333	0.14692336	0.40335051999999999	2.7453123859949837	1.4569703212099927
184	merged184	62.380000000000003	0.0	0.0	0.0	nan	nan
132	merged132	62.740000000000002	0.0	0.0	0.0	nan	nan
250	merged250	63.039999999999999	0.0022108800000000001	0.0	0.0066006600000000004	inf	inf
19	merged19	63.539999999999999	0.0	0.0	0.0	nan	nan
207	merged207	63.700000000000003	0.0	0.0	0.0	nan	nan
46	merged46	63.840000000000003	0.0	0.0	0.0	nan	nan
104	merged104	63.880000000000003	0.0	0.0	0.0	nan	nan
289	merged289	64.340000000000003	0.0	0.0	0.0	nan	nan
94	merged94	64.900000000000006	0.0027027000000000002	0.0	0.01226994	inf	inf
129	merged129	65.099999999999994	0.0	0.0	0.0	nan	nan
125	merged125	65.879999999999995	0.0	0.0	0.0014771000000000001	inf	inf
1	merged1	67.519999999999996	0.0014771000000000001	9.5240000000000003e-05	0.00562701	59.082423351532967	5.8846570964392519
2	merged2	68.239999999999995	0.25588234999999998	0.059134149999999996	0.46130501000000002	7.8009916435765128	2.9636575276077801
285	merged285	68.540000000000006	0.00172712	0.00027599999999999999	0.0043177900000000002	15.644166666666669	3.9675529060460981
15	merged15	70.079999999999998	0.25588234999999998	0.058389549999999998	0.46130501000000002	7.9004720878992911	2.9819388632292392
42	merged42	70.200000000000003	0.25588234999999998	0.058389549999999998	0.46130501000000002	7.9004720878992911	2.9819388632292392
275	merged275	70.480000000000004	0.00074459999999999999	0.0	0.0051169600000000003	inf	inf
149	merged149	73.400000000000006	0.0	0.0	0.00061538000000000001	inf	inf
198	merged198	75.099999999999994	0.0	0.0	0.015678250000000001	inf	inf
134	merged134	75.540000000000006	0.044843050000000002	0.02018793	0.13513513999999999	6.6938581617828072	2.7428379816398425
18	merged18	75.739999999999995	0.0	0.0	0.0	nan	nan
206	merged206	75.819999999999993	0.0	0.0	0.0	nan	nan
45	merged45	75.819999999999993	0.0	0.0	0.0	nan	nan
103	merged103	75.900000000000006	0.0	0.0	0.0	nan	nan
182	merged182	78.060000000000002	0.0	0.0	0.00059595000000000004	inf	inf
181	merged181	78.540000000000006	0.0	0.0	0.0	nan	nan
98	merged98	78.659999999999997	0.0	0.0	0.015678250000000001	inf	inf
164	merged164	78.719999999999999	0.0	0.0	0.0	nan	nan
336	merged336	78.879999999999995	0.0	0.0	0.0	nan	nan
39	merged39	81.260000000000005	0.0	0.0	0.00061538000000000001	inf	inf
236	merged236	83.560000000000002	0.0	0.0	0.00143472	inf	inf
214	merged214	87.579999999999998	0.0	0.0	0.0	nan	nan
111	merged111	87.659999999999997	0.0	0.0	0.0	nan	nan
318	merged318	88.439999999999998	0.0	0.0	0.0	nan	nan
308	merged308	88.620000000000005	0.0	0.0	0.0	nan	nan
286	merged286	91.140000000000001	0.0	0.0	0.0	nan	nan
262	merged262	93.299999999999997	0.0	0.0	0.0	nan	nan
9	merged9	96.340000000000003	0.0	0.0	0.0	nan	nan
277	merged277	96.359999999999999	0.0	0.0	0.0	nan	nan
33	merged33	96.540000000000006	0.0	0.0	0.0	nan	nan
290	merged290	97.400000000000006	0.0	0.0	0.00043403000000000002	inf	inf
272	merged272	98.060000000000002	0.0	0.0	0.0032312899999999999	inf	inf
63	merged63	98.439999999999998	0.0	0.0	0.0010330599999999999	inf	inf
57	merged57	99.959999999999994	0.0029268300000000001	0.00074644500000000009	0.0077014199999999996	10.317464783071758	3.3670166088441889
138	merged138	100.04000000000001	0.0029268300000000001	0.00074644500000000009	0.0077014199999999996	10.317464783071758	3.3670166088441889
24	merged24	100.12	0.0029268300000000001	0.00074644500000000009	0.0077014199999999996	10.317464783071758	3.3670166088441889
255	merged255	100.54000000000001	0.00068165999999999995	0.0	0.00482315	inf	inf
27	merged27	100.98	0.0	0.0	0.00283286	inf	inf
70	merged70	101.0	0.0	0.0	0.0	nan	nan
320	merged320	101.09999999999999	0.0	0.0	0.0	nan	nan
231	merged231	101.18000000000001	0.00086355999999999998	0.0	0.0042492900000000002	inf	inf
29	merged29	101.2	0.0	0.0	0.0	nan	nan
86	merged86	101.23999999999999	0.0	0.0	0.0	nan	nan
177	merged177	101.48	0.0	0.0	0.0	nan	nan
158	merged158	101.54000000000001	0.0	0.0	0.0	nan	nan
221	merged221	101.92	0.0	0.0	0.00037879	inf	inf
116	merged116	102.04000000000001	0.0	0.0	0.00037879	inf	inf
288	merged288	102.72	0.0	0.0	0.0	nan	nan
251	merged251	103.02	0.00075872999999999999	0.0	0.0094876700000000001	inf	inf
41	merged41	103.56	0.00101549	0.0	0.0034698099999999998	inf	inf
14	merged14	103.56	0.00101549	0.0	0.0034698099999999998	inf	inf
90	merged90	103.62	0.00101549	0.0	0.0034698099999999998	inf	inf
201	merged201	105.23999999999999	0.0	0.0	0.0015592500000000001	inf	inf
78	merged78	105.8	0.0	0.0	0.0	nan	nan
339	merged339	105.81999999999999	0.0	0.0	0.0	nan	nan
167	merged167	105.84	0.0	0.0	0.0	nan	nan
85	merged85	106.73999999999999	0.0	0.0	0.0	nan	nan
120	merged120	106.90000000000001	0.00086355999999999998	0.0	0.0042492900000000002	inf	inf
249	merged249	107.42	0.00138456	0.0	0.0055516999999999997	inf	inf
123	merged123	107.76000000000001	0.0028483800000000002	0.0017613500000000001	0.0060449099999999997	3.4319754733585031	1.7790392426420929
234	merged234	107.88	0.0028483800000000002	0.0017613500000000001	0.0060449099999999997	3.4319754733585031	1.7790392426420929
93	merged93	108.64	0.10985353	0.035440860000000005	0.26683938000000001	7.5291451731137444	2.9124860767808438
10	merged10	108.78	0.0	0.0	0.0	nan	nan
190	merged190	108.8	0.10985353	0.035440860000000005	0.26683938000000001	7.5291451731137444	2.9124860767808438
328	merged328	108.90000000000001	0.0	0.0	0.0	nan	nan
188	merged188	111.04000000000001	0.0	0.0	0.00059241999999999997	inf	inf
91	merged91	111.12	0.0	0.0	0.00059241999999999997	inf	inf
163	merged163	111.7	0.0	0.0	0.0	nan	nan
298	merged298	113.06	0.0	0.0	0.0	nan	nan
145	merged145	113.22	0.0	0.0	0.0	nan	nan
246	merged246	113.98	0.017271160000000001	0.0039593149999999997	0.033846149999999998	8.5484862911892598	3.0956689798194321
119	merged119	114.64	0.0	0.0	0.0	nan	nan
264	merged264	115.48	0.0098378100000000007	0.0030365449999999999	0.033103050000000002	10.901550940295634	3.4464614936236102
185	merged185	118.36	0.0	0.0	0.00078308999999999996	inf	inf
131	merged131	119.90000000000001	0.0	0.0	0.0	nan	nan
154	merged154	120.2	0.0	0.0	0.0	nan	nan
126	merged126	120.76000000000001	0.00128535	0.0	0.00345423	inf	inf
186	merged186	123.95999999999999	0.0	0.0	0.0	nan	nan
52	merged52	125.12	0.00138456	0.00010818	0.01257862	116.27491218339804	6.8613960400425471
64	merged64	126.90000000000001	0.0	0.0	0.0	nan	nan
136	merged136	127.14	0.0	0.0	0.00019845	inf	inf
150	merged150	127.16	0.0	0.0	0.0	nan	nan
323	merged323	129.22	0.0	0.0	0.00094786999999999996	inf	inf
215	merged215	131.90000000000001	0.0	0.0	0.0	nan	nan
297	merged297	132.0	0.0	0.0	0.0	nan	nan
144	merged144	132.09999999999999	0.0	0.0	0.0	nan	nan
319	merged319	132.16	0.0	0.0	0.0	nan	nan
62	merged62	132.19999999999999	0.0	0.0	0.0	nan	nan
247	merged247	132.91999999999999	0.00719632	0.00228619	0.019736839999999999	8.6330707421517889	3.1098738104459631
191	merged191	133.68000000000001	0.0027027000000000002	0.0	0.01226994	inf	inf
112	merged112	135.09999999999999	0.0	0.0	0.0	nan	nan
51	merged51	135.28	0.0	0.0	0.0	nan	nan
244	merged244	136.0	0.0	0.0	0.0	nan	nan
146	merged146	136.16	0.0	0.0	0.0	nan	nan
130	merged130	136.16	0.060794040000000001	0.027867755000000001	0.11334405	4.067211370273637	2.024039968651433
299	merged299	136.31999999999999	0.0	0.0	0.0	nan	nan
310	merged310	136.56	0.00073099000000000005	0.0	0.00303951	inf	inf
152	merged152	136.75999999999999	0.00073099000000000005	0.0	0.00303951	inf	inf
248	merged248	136.78	0.00065359000000000001	0.0	0.0035721400000000001	inf	inf
303	merged303	137.13999999999999	0.0	0.0	0.0	nan	nan
95	merged95	138.08000000000001	0.0	0.0	0.0020768399999999999	inf	inf
193	merged193	138.19999999999999	0.0	0.0	0.0020768399999999999	inf	inf
238	merged238	140.78	0.0	0.0	0.0	nan	nan
34	merged34	141.75999999999999	0.0	0.0	0.0	nan	nan
80	merged80	142.06	0.0	0.0	0.0	nan	nan
342	merged342	142.16	0.0	0.0	0.0	nan	nan
170	merged170	142.18000000000001	0.0	0.0	0.0	nan	nan
225	merged225	142.22	0.0	0.0	0.0	nan	nan
179	merged179	142.40000000000001	0.0	0.0	0.0	nan	nan
88	merged88	142.72	0.0	0.0	0.0	nan	nan
174	merged174	144.59999999999999	0.0036764699999999998	0.0020866399999999998	0.00730994	3.5032109036537209	1.8086778452613514
84	merged84	144.84	0.0036764699999999998	0.0020866399999999998	0.00730994	3.5032109036537209	1.8086778452613514
38	merged38	144.94	0.0036764699999999998	0.0020866399999999998	0.00730994	3.5032109036537209	1.8086778452613514
282	merged282	144.96000000000001	0.0	0.0	0.0	nan	nan
12	merged12	144.97999999999999	0.0036764699999999998	0.0020866399999999998	0.00730994	3.5032109036537209	1.8086778452613514
0	merged0	145.13999999999999	0.0036764699999999998	0.0020866399999999998	0.00730994	3.5032109036537209	1.8086778452613514
313	merged313	148.18000000000001	0.0	0.0	0.0	nan	nan
100	merged100	148.46000000000001	0.0	0.0	0.0	nan	nan
176	merged176	150.0	0.0	0.0	0.0	nan	nan
3	merged3	152.08000000000001	0.0	0.0	0.0	nan	nan
196	merged196	152.40000000000001	0.0	0.0	0.0	nan	nan
97	merged97	152.44	0.0	0.0	0.0	nan	nan
258	merged258	153.31999999999999	0.0	0.0	0.0	nan	nan
260	merged260	155.12	0.0043659500000000004	0.00078187000000000005	0.01406318	17.986596237226134	4.1688502933565648
287	merged287	157.0	0.0	0.0	0.0	nan	nan
22	merged22	157.16	0.0027210899999999998	0.00042726500000000002	0.014153850000000001	33.126631013539608	5.0499195833288129
127	merged127	158.24000000000001	0.0	0.0	0.0	nan	nan
242	merged242	158.36000000000001	0.0	0.0	0.0	nan	nan
217	merged217	159.40000000000001	0.0	0.0	0.0	nan	nan
113	merged113	159.52000000000001	0.0	0.0	0.0	nan	nan
75	merged75	160.0	0.0	0.0	0.00068073999999999999	inf	inf
232	merged232	161.62	0.0	0.0	0.00059241999999999997	inf	inf
121	merged121	161.68000000000001	0.0	0.0	0.00059241999999999997	inf	inf
53	merged53	161.80000000000001	0.0	0.0	0.00059241999999999997	inf	inf
280	merged280	162.0	0.0	0.0	0.0	nan	nan
183	merged183	163.90000000000001	0.0	0.0	0.0	nan	nan
21	merged21	163.91999999999999	0.0	0.0	0.0	nan	nan
48	merged48	163.97999999999999	0.0	0.0	0.0	nan	nan
209	merged209	164.28	0.0	0.0	0.0	nan	nan
106	merged106	164.53999999999999	0.0	0.0	0.0	nan	nan
28	merged28	167.63999999999999	0.00198452	0.0	0.0079545499999999995	inf	inf
254	merged254	170.80000000000001	0.00086543000000000004	0.0	0.00482315	inf	inf
117	merged117	171.86000000000001	0.0	0.0	0.00078823000000000001	inf	inf
83	merged83	172.94	0.0	0.0	0.0025906700000000002	inf	inf
37	merged37	173.08000000000001	0.0	0.0	0.0025906700000000002	inf	inf
345	merged345	174.24000000000001	0.0	0.0	0.0025906700000000002	inf	inf
173	merged173	174.34	0.0	0.0	0.0025906700000000002	inf	inf
332	merged332	177.75999999999999	0.0	0.0	0.0	nan	nan
268	merged268	178.34	0.0	0.0	0.0	nan	nan
11	merged11	178.97999999999999	0.0	0.0	0.0025906700000000002	inf	inf
66	merged66	179.02000000000001	0.0013633300000000001	0.0	0.0073846199999999997	inf	inf
291	merged291	179.16	0.0	0.0	0.0	nan	nan
223	merged223	180.94	0.0	0.0	0.00078823000000000001	inf	inf
224	merged224	185.62	0.0	0.0	0.0	nan	nan
331	merged331	191.56	0.0	0.0	0.00096338999999999995	inf	inf
118	merged118	199.74000000000001	0.0	0.0	0.0	nan	nan
202	merged202	205.66	0.0	0.0	0.0	nan	nan
162	merged162	206.41999999999999	0.0	0.0	0.00128535	inf	inf
192	merged192	206.56	0.0	0.0	0.0	nan	nan
74	merged74	206.62	0.0	0.0	0.00128535	inf	inf
314	merged314	208.94	0.0	0.0	0.0	nan	nan
292	merged292	213.46000000000001	0.0	0.0	0.0	nan	nan
139	merged139	213.81999999999999	0.0	0.0	0.0	nan	nan
5	merged5	215.46000000000001	0.0	0.0	0.0	nan	nan
58	merged58	215.66	0.0	0.0	0.0	nan	nan
25	merged25	215.91999999999999	0.0	0.0	0.0	nan	nan
218	merged218	223.90000000000001	0.0	0.0	0.0	nan	nan
114	merged114	224.03999999999999	0.0	0.0	0.0	nan	nan
68	merged68	226.58000000000001	0.0	0.0	0.0	nan	nan
156	merged156	226.80000000000001	0.0	0.0	0.0	nan	nan
317	merged317	227.53999999999999	0.0	0.0	0.0	nan	nan
203	merged203	233.06	0.0	0.0	0.0	nan	nan
309	merged309	234.72	0.0	0.0	0.0	nan	nan
325	merged325	235.22	0.0	0.0	0.0	nan	nan
153	merged153	243.30000000000001	0.0	0.0	0.0	nan	nan
301	merged301	244.62	0.0	0.0	0.0	nan	nan
311	merged311	244.78	0.0	0.0	0.0	nan	nan
30	merged30	244.81999999999999	0.0	0.0	0.0	nan	nan
321	merged321	244.91999999999999	0.0	0.0	0.0	nan	nan
71	merged71	245.18000000000001	0.0	0.0	0.0	nan	nan
159	merged159	245.52000000000001	0.0	0.0	0.0	nan	nan
148	merged148	246.06	0.0	0.0	0.0	nan	nan
187	merged187	246.80000000000001	0.0	0.0	0.0	nan	nan
211	merged211	247.75999999999999	0.0	0.0	0.0	nan	nan
333	merged333	248.09999999999999	0.0	0.0	0.0	nan	nan
108	merged108	249.96000000000001	0.0	0.0	0.0	nan	nan
227	merged227	250.38	0.0	0.0	0.0	nan	nan
270	merged270	252.08000000000001	0.0	0.0	0.0	nan	nan
329	merged329	252.68000000000001	0.0	0.0	0.0	nan	nan
257	merged257	253.0	0.0	0.0	0.0	nan	nan
59	merged59	253.96000000000001	0.0	0.0	0.0	nan	nan
26	merged26	255.31999999999999	0.0	0.0	0.0	nan	nan
6	merged6	255.66	0.0	0.0	0.0	nan	nan
294	merged294	256.36000000000001	0.0	0.0	0.0	nan	nan
141	merged141	257.62	0.0	0.0	0.0	nan	nan
305	merged305	260.69999999999999	0.0	0.0	0.0	nan	nan
115	merged115	261.51999999999998	0.0	0.0	0.0	nan	nan
307	merged307	262.39999999999998	0.0	0.0	0.0	nan	nan
195	merged195	263.31999999999999	0.0	0.0	0.0	nan	nan
56	merged56	263.86000000000001	0.0	0.0	0.0	nan	nan
259	merged259	264.36000000000001	0.0	0.0	0.0	nan	nan
79	merged79	264.42000000000002	0.0	0.0	0.0	nan	nan
40	merged40	264.75999999999999	0.0	0.0	0.0	nan	nan
128	merged128	264.80000000000001	0.0	0.0	0.0	nan	nan
343	merged343	264.86000000000001	0.0	0.0	0.0	nan	nan
326	merged326	265.04000000000002	0.0	0.0	0.0	nan	nan
243	merged243	265.13999999999999	0.0	0.0	0.0	nan	nan
35	merged35	265.30000000000001	0.0	0.0	0.0	nan	nan
284	merged284	265.69999999999999	0.0	0.0	0.0	nan	nan
180	merged180	266.92000000000002	0.0	0.0	0.0	nan	nan
89	merged89	267.12	0.0	0.0	0.0	nan	nan
20	merged20	267.44	0.0	0.0	0.0	nan	nan
137	merged137	267.62	0.0	0.0	0.0	nan	nan
266	merged266	268.89999999999998	0.0	0.0	0.0	nan	nan
32	merged32	269.19999999999999	0.0	0.0	0.0	nan	nan
8	merged8	269.19999999999999	0.0	0.0	0.0	nan	nan
17	merged17	269.22000000000003	0.0	0.0	0.0	nan	nan
338	merged338	269.69999999999999	0.0	0.0	0.0	nan	nan
47	merged47	270.25999999999999	0.0	0.0	0.0	nan	nan
16	merged16	270.5	0.0	0.0	0.0	nan	nan
212	merged212	270.56	0.0	0.0	0.0	nan	nan
44	merged44	270.74000000000001	0.0	0.0	0.0	nan	nan
335	merged335	271.01999999999998	0.0	0.0	0.0	nan	nan
77	merged77	271.07999999999998	0.0	0.0	0.0	nan	nan
109	merged109	271.66000000000003	0.0	0.0	0.0	nan	nan
43	merged43	271.72000000000003	0.0	0.0	0.0	nan	nan
49	merged49	271.77999999999997	0.0	0.0	0.0	nan	nan
166	merged166	272.13999999999999	0.0	0.0	0.0	nan	nan
316	merged316	272.30000000000001	0.0	0.0	0.0	nan	nan
327	merged327	272.57999999999998	0.0	0.0	0.0	nan	nan
36	merged36	272.62	0.0	0.0	0.0	nan	nan
322	merged322	272.94	0.0	0.0	0.0	nan	nan
315	merged315	273.57999999999998	0.0	0.0	0.0	nan	nan
279	merged279	274.5	0.0	0.0	0.0	nan	nan
334	merged334	274.56	0.0	0.0	0.0	nan	nan
171	merged171	274.77999999999997	0.0	0.0	0.0	nan	nan
304	merged304	274.83999999999997	0.0	0.0	0.0	nan	nan
213	merged213	275.04000000000002	0.0	0.0	0.0	nan	nan
341	merged341	275.22000000000003	0.0	0.0	0.0	nan	nan
296	merged296	276.39999999999998	0.0	0.0	0.0	nan	nan
210	merged210	276.54000000000002	0.0	0.0	0.0	nan	nan
107	merged107	276.98000000000002	0.0	0.0	0.0	nan	nan
230	merged230	277.01999999999998	0.0	0.0	0.0	nan	nan
340	merged340	277.04000000000002	0.0	0.0	0.0	nan	nan
293	merged293	277.25999999999999	0.0	0.0	0.0	nan	nan
81	merged81	277.33999999999997	0.0	0.0	0.0	nan	nan
61	merged61	277.33999999999997	0.0	0.0	0.0	nan	nan
205	merged205	277.42000000000002	0.0	0.0	0.0	nan	nan
271	merged271	277.5	0.0	0.0	0.0	nan	nan
110	merged110	277.66000000000003	0.0	0.0	0.0	nan	nan
226	merged226	277.68000000000001	0.0	0.0	0.0	nan	nan
245	merged245	277.77999999999997	0.0	0.0	0.0	nan	nan
197	merged197	278.19999999999999	0.0	0.0	0.0	nan	nan
72	merged72	278.22000000000003	0.0	0.0	0.0	nan	nan
300	merged300	278.77999999999997	0.0	0.0	0.0	nan	nan
67	merged67	279.04000000000002	0.0	0.0	0.0	nan	nan
208	merged208	279.07999999999998	0.0	0.0	0.0	nan	nan
312	merged312	279.16000000000003	0.0	0.0	0.0	nan	nan
337	merged337	279.80000000000001	0.0	0.0	0.0	nan	nan
283	merged283	279.86000000000001	0.0	0.0	0.0	nan	nan
273	merged273	279.88	0.0	0.0	0.0	nan	nan
204	merged204	279.92000000000002	0.0	0.0	0.0	nan	nan
252	merged252	280.06	0.0	0.0	0.0	nan	nan
160	merged160	280.38	0.0	0.0	0.0	nan	nan
189	merged189	280.45999999999998	0.0	0.0	0.0	nan	nan
140	merged140	280.68000000000001	0.0	0.0	0.0	nan	nan
219	merged219	280.77999999999997	0.0	0.0	0.0	nan	nan
229	merged229	281.10000000000002	0.0	0.0	0.0	nan	nan
199	merged199	281.33999999999997	0.0	0.0	0.0	nan	nan
105	merged105	281.38	0.0	0.0	0.0	nan	nan
102	merged102	281.44	0.0	0.0	0.0	nan	nan
147	merged147	281.5	0.0	0.0	0.0	nan	nan
143	merged143	281.62	0.0	0.0	0.0	nan	nan
216	merged216	282.12	0.0	0.0	0.0	nan	nan
344	merged344	282.16000000000003	0.0	0.0	0.0	nan	nan
155	merged155	283.04000000000002	0.0	0.0	0.0	nan	nan
274	merged274	283.06	0.0	0.0	0.0	nan	nan
278	merged278	283.24000000000001	0.0	0.0	0.0	nan	nan
306	merged306	283.57999999999998	0.0	0.0	0.0	nan	nan
101	merged101	283.62	0.0	0.0	0.0	nan	nan
175	merged175	283.95999999999998	0.0	0.0	0.0	nan	nan
330	merged330	284.30000000000001	0.0	0.0	0.0	nan	nan
220	merged220	284.39999999999998	0.0	0.0	0.0	nan	nan
267	merged267	284.45999999999998	0.0	0.0	0.0	nan	nan
295	merged295	284.51999999999998	0.0	0.0	0.0	nan	nan
54	merged54	284.77999999999997	0.0	0.0	0.0	nan	nan
256	merged256	284.83999999999997	0.0	0.0	0.0	nan	nan
168	merged168	285.16000000000003	0.0	0.0	0.0	nan	nan
169	merged169	285.60000000000002	0.0	0.0	0.0	nan	nan
92	merged92	285.88	0.0	0.0	0.0	nan	nan
82	merged82	286.01999999999998	0.0	0.0	0.0	nan	nan
237	merged237	287.18000000000001	0.0	0.0	0.0	nan	nan
60	merged60	287.63999999999999	0.0	0.0	0.0	nan	nan
165	merged165	287.86000000000001	0.0	0.0	0.0	nan	nan
178	merged178	287.95999999999998	0.0	0.0	0.0	nan	nan
172	merged172	288.06	0.0	0.0	0.0	nan	nan
76	merged76	289.27999999999997	0.0	0.0	0.0	nan	nan
142	merged142	289.48000000000002	0.0	0.0	0.0	nan	nan
228	merged228	290.0	0.0	0.0	0.0	nan	nan
233	merged233	290.42000000000002	0.0	0.0	0.0	nan	nan
87	merged87	291.63999999999999	0.0	0.0	0.0	nan	nan
122	merged122	292.38	0.0	0.0	0.0	nan	nan
