FS_WITH_BEST_MCC	300
STEP	MCC	MCC_MIN	MCC_MAX	SENS	SENS_MIN	SENS_MAX	SPEC	SPEC_MIN	SPEC_MAX	PPV	PPV_MIN	PPV_MAX	NPV	NPV_MIN	NPV_MAX	AUC	AUC_MIN	AUC_MAX	ACC	ACC_MIN	ACC_MAX	DOR	DOR_MIN	DOR_MAX	DOR_APPROX
1	0.94165492899532599	0.92189134742322965	0.96118209213951855	1.0	1.0	1.0	0.94000000000000017	0.92000000000000015	0.96000000000000019	0.94333333333333358	0.92380952380952375	0.96238095238095267	1.0	1.0	1.0	1.0	1.0	1.0	0.96833333333333327	0.95757575757575741	0.978939393939394	inf	inf	inf	inf
2	0.94165492899532599	0.92189134742322965	0.96118209213951855	1.0	1.0	1.0	0.94000000000000017	0.92000000000000015	0.96000000000000019	0.94333333333333358	0.92380952380952375	0.96238095238095267	1.0	1.0	1.0	1.0	1.0	1.0	0.96833333333333327	0.95757575757575741	0.978939393939394	inf	inf	inf	inf
3	0.93569265861007667	0.91330013998606419	0.95784389980389162	1.0	1.0	1.0	0.93333333333333346	0.91000000000000014	0.95666666666666667	0.93809523809523809	0.91666666666666652	0.95904761904761882	1.0	1.0	1.0	1.0	1.0	1.0	0.96484848484848473	0.95242424242424217	0.97696969696969671	inf	inf	inf	inf
4	0.94235932527674338	0.92019836607834127	0.96427900704494807	1.0	1.0	1.0	0.94000000000000017	0.91666666666666685	0.96333333333333337	0.94476190476190491	0.92380952380952353	0.96523809523809534	1.0	1.0	1.0	1.0	1.0	1.0	0.96848484848484828	0.95606060606060561	0.98060606060606048	inf	inf	inf	inf
5	0.94855315508760252	0.926165495465884	0.97094081470932114	1.0	1.0	1.0	0.94666666666666677	0.92333333333333356	0.96999999999999997	0.95047619047619047	0.92904761904761923	0.97190476190476172	1.0	1.0	1.0	1.0	1.0	1.0	0.97181818181818169	0.95939393939393913	0.98409090909090891	inf	inf	inf	inf
6	0.94855315508760252	0.926165495465884	0.97094081470932114	1.0	1.0	1.0	0.94666666666666677	0.92333333333333356	0.96999999999999997	0.95047619047619047	0.92904761904761923	0.97190476190476172	1.0	1.0	1.0	1.0	1.0	1.0	0.97181818181818169	0.95939393939393913	0.98409090909090891	inf	inf	inf	inf
7	0.95131341732497221	0.93249550946449034	0.97094567371161489	0.996	0.98799999999999988	1.0	0.95333333333333348	0.93333333333333357	0.97333333333333338	0.95619047619047626	0.93809523809523798	0.97523809523809502	0.99714285714285722	0.99142857142857144	1.0	1.0	1.0	1.0	0.97363636363636341	0.96348484848484828	0.98424242424242425	inf	inf	inf	5086.7142857142971
8	0.961313417324972	0.94249550946449034	0.98023641842790366	0.996	0.98799999999999988	1.0	0.96333333333333337	0.94333333333333358	0.98000000000000009	0.96619047619047616	0.9480952380952381	0.98190476190476172	0.99714285714285722	0.99142857142857144	1.0	1.0	1.0	1.0	0.9790909090909089	0.96893939393939366	0.98924242424242426	inf	inf	inf	6541.9090909090928
9	0.95821650241954248	0.93874180316135669	0.97716573546547736	0.9926666666666667	0.98066666666666658	1.0	0.96333333333333337	0.94333333333333358	0.98000000000000009	0.96619047619047616	0.9480952380952381	0.98190476190476172	0.99428571428571433	0.98571428571428554	1.0	1.0	1.0	1.0	0.9774242424242422	0.9671212121212116	0.98772727272727268	inf	inf	inf	3556.3719008264652
10	0.96086681241216809	0.94136588121097864	0.98015755712845687	0.98799999999999999	0.97199999999999986	1.0	0.9700000000000002	0.95333333333333348	0.98666666666666669	0.97238095238095223	0.95619047619047626	0.98761904761904773	0.99142857142857144	0.97999999999999998	1.0	1.0	1.0	1.0	0.97893939393939378	0.96848484848484817	0.98939393939393927	inf	inf	inf	2662.1111111111268
20	0.97076171916971776	0.9525217414074939	0.98692931703757369	0.97400000000000009	0.95533333333333337	0.9893333333333334	0.99333333333333329	0.98333333333333328	1.0	0.99428571428571433	0.98571428571428554	1.0	0.97999999999999998	0.96571428571428553	0.99142857142857144	1.0	1.0	1.0	0.98439393939393938	0.97454545454545438	0.99303030303030293	inf	inf	inf	5581.7692307692141
30	0.96742838583638446	0.95057776462782106	0.98370107694669062	0.97400000000000009	0.95533333333333337	0.9893333333333334	0.98999999999999999	0.97999999999999987	1.0	0.99095238095238092	0.98047619047619061	1.0	0.97999999999999998	0.96571428571428553	0.99142857142857144	1.0	1.0	1.0	0.98257575757575755	0.97363636363636341	0.99121212121212121	inf	inf	inf	3708.6923076923172
40	0.96398995926060094	0.94506695815766928	0.98073548722671433	0.96999999999999997	0.94999999999999996	0.9866666666666668	0.98999999999999999	0.97999999999999987	1.0	0.99095238095238092	0.98047619047619061	1.0	0.97714285714285709	0.96285714285714252	0.98857142857142866	0.996	0.98799999999999988	1.0	0.98075757575757561	0.97060606060606036	0.98969696969696952	inf	inf	inf	3200.9999999999941
50	0.96146542821766512	0.93978147764389408	0.98005246388600664	0.96333333333333326	0.94066666666666676	0.98199999999999998	0.99333333333333329	0.98333333333333328	1.0	0.99428571428571433	0.98571428571428554	1.0	0.97214285714285709	0.95571428571428552	0.98571428571428588	0.99099999999999999	0.97699999999999987	1.0	0.97924242424242425	0.96742424242424219	0.98939393939393927	inf	inf	inf	3914.6363636363308
60	0.94832026265844749	0.9218459769981151	0.9710976846043079	0.95600000000000007	0.93066666666666664	0.97866666666666657	0.98666666666666669	0.97333333333333338	0.9966666666666667	0.9876190476190474	0.97476190476190483	0.99714285714285722	0.96666666666666656	0.94809523809523799	0.98357142857142843	0.98644444444444435	0.97066666666666646	1.0	0.97227272727272718	0.95787878787878777	0.98439393939393938	inf	inf	inf	1607.8181818181877
70	0.94488183608266407	0.91814461019080285	0.96810586294132861	0.95200000000000007	0.92666666666666642	0.97666666666666657	0.98666666666666669	0.97333333333333338	0.9966666666666667	0.9876190476190474	0.97476190476190483	0.99714285714285722	0.96380952380952378	0.94499999999999973	0.98238095238095224	0.98055555555555562	0.95899999999999996	0.99666666666666659	0.97045454545454546	0.95606060606060594	0.98272727272727267	inf	inf	inf	1467.6666666666717
80	0.951312084321427	0.9251224677427865	0.97406327432428408	0.95200000000000007	0.92666666666666642	0.97666666666666657	0.99333333333333329	0.98333333333333328	1.0	0.9938095238095237	0.98380952380952391	1.0	0.96380952380952378	0.94499999999999973	0.98238095238095224	0.98155555555555551	0.9608888888888889	0.99777777777777776	0.97393939393939388	0.95984848484848484	0.98606060606060608	inf	inf	inf	2955.166666666652
90	0.951312084321427	0.9251224677427865	0.97406327432428408	0.95200000000000007	0.92666666666666642	0.97666666666666657	0.99333333333333329	0.98333333333333328	1.0	0.9938095238095237	0.98380952380952391	1.0	0.96380952380952378	0.94499999999999973	0.98238095238095224	0.97999999999999998	0.95733333333333348	0.99666666666666659	0.97393939393939388	0.95984848484848484	0.98606060606060608	inf	inf	inf	2955.166666666652
100	0.951312084321427	0.9251224677427865	0.97406327432428408	0.95200000000000007	0.92666666666666642	0.97666666666666657	0.99333333333333329	0.98333333333333328	1.0	0.9938095238095237	0.98380952380952391	1.0	0.96380952380952378	0.94499999999999973	0.98238095238095224	0.98299999999999998	0.96433333333333338	0.99666666666666659	0.97393939393939388	0.95984848484848484	0.98606060606060608	inf	inf	inf	2955.166666666652
200	0.93871423821480804	0.91534767007081086	0.96146542821766512	0.93399999999999994	0.90666666666666684	0.95933333333333337	0.9966666666666667	0.98999999999999999	1.0	0.99714285714285711	0.99142857142857121	1.0	0.94999999999999984	0.9299999999999996	0.96928571428571397	0.95999999999999985	0.93666666666666654	0.98133333333333328	0.9669696969696967	0.95424242424242389	0.97924242424242425	inf	inf	inf	4231.3030303030691
300	0.9738586340751475	0.95700801286658377	0.98761234037828149	0.97400000000000009	0.95533333333333337	0.9893333333333334	0.9966666666666667	0.98999999999999999	1.0	0.99714285714285711	0.99142857142857121	1.0	0.97999999999999998	0.96571428571428553	0.99142857142857144	0.95599999999999996	0.93000000000000005	0.9786666666666668	0.98606060606060597	0.97712121212121206	0.99333333333333329	inf	inf	inf	11201.000000000153
346	0.9738586340751475	0.95700801286658377	0.98761234037828149	0.97400000000000009	0.95533333333333337	0.9893333333333334	0.9966666666666667	0.98999999999999999	1.0	0.99714285714285711	0.99142857142857121	1.0	0.97999999999999998	0.96571428571428553	0.99142857142857144	0.95599999999999996	0.93000000000000005	0.9786666666666668	0.98606060606060597	0.97712121212121206	0.99333333333333329	inf	inf	inf	11201.000000000153
