FEATURE_ID	FEATURE_NAME	MEAN_POS	MEDIAN_ALL	MEDIAN_0	MEDIAN_1	FOLD_CHANGE	LOG2_FOLD_CHANGE
23	merged23	1.3600000000000001	0.59055877000000001	0.38318666499999998	0.74233128999999998	1.9372576287329832	0.95401582538164953
55	merged55	2.1200000000000001	0.59055877000000001	0.38265408499999998	0.74233128999999998	1.9399539142513009	0.95602238000475259
93	merged93	4.4000000000000004	0.10985353	0.035440860000000005	0.26683938000000001	7.5291451731137444	2.9124860767808438
190	merged190	4.5599999999999996	0.10985353	0.035440860000000005	0.26683938000000001	7.5291451731137444	2.9124860767808438
4	merged4	4.7599999999999998	0.60019268000000003	0.38818560499999999	0.76376924999999996	1.967536251118843	0.97639021709366691
2	merged2	7.5599999999999996	0.25588234999999998	0.059134149999999996	0.46130501000000002	7.8009916435765128	2.9636575276077801
261	merged261	8.2799999999999994	0.13398373999999999	0.062862265000000001	0.18892793999999999	3.0054268645903863	1.5875699132964165
42	merged42	8.7200000000000006	0.25588234999999998	0.058389549999999998	0.46130501000000002	7.9004720878992911	2.9819388632292392
15	merged15	9.0399999999999991	0.25588234999999998	0.058389549999999998	0.46130501000000002	7.9004720878992911	2.9819388632292392
194	merged194	9.6999999999999993	0.01237766	0.0014255750000000001	0.065972219999999998	46.277621310699189	5.5322428061034525
96	merged96	10.699999999999999	0.01237766	0.0014255750000000001	0.065972219999999998	46.277621310699189	5.5322428061034525
134	merged134	12.08	0.044843050000000002	0.02018793	0.13513513999999999	6.6938581617828072	2.7428379816398425
123	merged123	13.34	0.0028483800000000002	0.0017613500000000001	0.0060449099999999997	3.4319754733585031	1.7790392426420929
234	merged234	13.380000000000001	0.0028483800000000002	0.0017613500000000001	0.0060449099999999997	3.4319754733585031	1.7790392426420929
133	merged133	15.32	0.2320333	0.14692336	0.40335051999999999	2.7453123859949837	1.4569703212099927
253	merged253	16.82	0.0011904800000000001	0.0	0.0037369199999999999	inf	inf
240	merged240	17.899999999999999	0.00032679999999999997	0.0	0.0020818899999999999	inf	inf
126	merged126	18.68	0.00128535	0.0	0.00345423	inf	inf
38	merged38	21.059999999999999	0.0036764699999999998	0.0020866399999999998	0.00730994	3.5032109036537209	1.8086778452613514
174	merged174	21.66	0.0036764699999999998	0.0020866399999999998	0.00730994	3.5032109036537209	1.8086778452613514
84	merged84	21.68	0.0036764699999999998	0.0020866399999999998	0.00730994	3.5032109036537209	1.8086778452613514
12	merged12	21.800000000000001	0.0036764699999999998	0.0020866399999999998	0.00730994	3.5032109036537209	1.8086778452613514
0	merged0	21.899999999999999	0.0036764699999999998	0.0020866399999999998	0.00730994	3.5032109036537209	1.8086778452613514
135	merged135	22.620000000000001	0.0	0.0	0.0017574699999999999	inf	inf
246	merged246	22.940000000000001	0.017271160000000001	0.0039593149999999997	0.033846149999999998	8.5484862911892598	3.0956689798194321
130	merged130	25.620000000000001	0.060794040000000001	0.027867755000000001	0.11334405	4.067211370273637	2.024039968651433
1	merged1	27.280000000000001	0.0014771000000000001	9.5240000000000003e-05	0.00562701	59.082423351532967	5.8846570964392519
255	merged255	28.559999999999999	0.00068165999999999995	0.0	0.00482315	inf	inf
248	merged248	32.0	0.00065359000000000001	0.0	0.0035721400000000001	inf	inf
263	merged263	33.520000000000003	0.028030300000000001	0.013036005	0.10361281999999999	7.9482034565037365	2.9906288028759751
269	merged269	37.420000000000002	0.026054589999999999	0.00156325	0.12683089	81.132825843595072	6.3422138330063786
99	merged99	40.560000000000002	0.0	0.0	0.0029895400000000002	inf	inf
247	merged247	40.659999999999997	0.00719632	0.00228619	0.019736839999999999	8.6330707421517889	3.1098738104459631
264	merged264	40.700000000000003	0.0098378100000000007	0.0030365449999999999	0.033103050000000002	10.901550940295634	3.4464614936236102
27	merged27	41.060000000000002	0.0	0.0	0.00283286	inf	inf
41	merged41	41.960000000000001	0.00101549	0.0	0.0034698099999999998	inf	inf
90	merged90	42.259999999999998	0.00101549	0.0	0.0034698099999999998	inf	inf
14	merged14	42.32	0.00101549	0.0	0.0034698099999999998	inf	inf
191	merged191	45.079999999999998	0.0027027000000000002	0.0	0.01226994	inf	inf
94	merged94	46.740000000000002	0.0027027000000000002	0.0	0.01226994	inf	inf
151	merged151	46.880000000000003	0.0	0.0	0.0	nan	nan
65	merged65	47.039999999999999	0.0	0.0	0.0	nan	nan
308	merged308	49.960000000000001	0.0	0.0	0.0	nan	nan
250	merged250	50.880000000000003	0.0022108800000000001	0.0	0.0066006600000000004	inf	inf
103	merged103	51.799999999999997	0.0	0.0	0.0	nan	nan
45	merged45	52.020000000000003	0.0	0.0	0.0	nan	nan
18	merged18	52.100000000000001	0.0	0.0	0.0	nan	nan
206	merged206	52.399999999999999	0.0	0.0	0.0	nan	nan
185	merged185	53.780000000000001	0.0	0.0	0.00078308999999999996	inf	inf
281	merged281	55.280000000000001	0.0	0.0	0.0	nan	nan
164	merged164	57.939999999999998	0.0	0.0	0.0	nan	nan
336	merged336	58.100000000000001	0.0	0.0	0.0	nan	nan
242	merged242	61.979999999999997	0.0	0.0	0.0	nan	nan
127	merged127	62.020000000000003	0.0	0.0	0.0	nan	nan
289	merged289	62.780000000000001	0.0	0.0	0.0	nan	nan
181	merged181	63.479999999999997	0.0	0.0	0.0	nan	nan
69	merged69	68.200000000000003	0.0	0.0	0.0	nan	nan
157	merged157	68.280000000000001	0.0	0.0	0.0	nan	nan
319	merged319	70.700000000000003	0.0	0.0	0.0	nan	nan
260	merged260	70.840000000000003	0.0043659500000000004	0.00078187000000000005	0.01406318	17.986596237226134	4.1688502933565648
39	merged39	71.400000000000006	0.0	0.0	0.00061538000000000001	inf	inf
262	merged262	71.980000000000004	0.0	0.0	0.0	nan	nan
85	merged85	75.359999999999999	0.0	0.0	0.0	nan	nan
13	merged13	76.099999999999994	0.0	0.0	0.00070821999999999997	inf	inf
129	merged129	76.260000000000005	0.0	0.0	0.0	nan	nan
285	merged285	76.299999999999997	0.00172712	0.00027599999999999999	0.0043177900000000002	15.644166666666669	3.9675529060460981
328	merged328	76.620000000000005	0.0	0.0	0.0	nan	nan
272	merged272	77.239999999999995	0.0	0.0	0.0032312899999999999	inf	inf
176	merged176	77.260000000000005	0.0	0.0	0.0	nan	nan
241	merged241	77.939999999999998	0.0	0.0	0.00059595000000000004	inf	inf
146	merged146	81.680000000000007	0.0	0.0	0.0	nan	nan
299	merged299	81.719999999999999	0.0	0.0	0.0	nan	nan
200	merged200	82.159999999999997	0.0	0.0	0.00068165999999999995	inf	inf
244	merged244	82.900000000000006	0.0	0.0	0.0	nan	nan
302	merged302	83.719999999999999	0.0	0.0	0.0	nan	nan
9	merged9	86.420000000000002	0.0	0.0	0.0	nan	nan
33	merged33	86.579999999999998	0.0	0.0	0.0	nan	nan
179	merged179	87.439999999999998	0.0	0.0	0.0	nan	nan
88	merged88	87.480000000000004	0.0	0.0	0.0	nan	nan
235	merged235	89.459999999999994	0.0083260299999999999	0.0030124599999999998	0.039293509999999997	13.043661990532653	3.7052770560127355
124	merged124	89.739999999999995	0.0083260299999999999	0.0030124599999999998	0.039293509999999997	13.043661990532653	3.7052770560127355
112	merged112	91.540000000000006	0.0	0.0	0.0	nan	nan
51	merged51	91.859999999999999	0.0	0.0	0.0	nan	nan
215	merged215	92.859999999999999	0.0	0.0	0.0	nan	nan
290	merged290	93.760000000000005	0.0	0.0	0.00043403000000000002	inf	inf
24	merged24	94.040000000000006	0.0029268300000000001	0.00074644500000000009	0.0077014199999999996	10.317464783071758	3.3670166088441889
138	merged138	94.079999999999998	0.0029268300000000001	0.00074644500000000009	0.0077014199999999996	10.317464783071758	3.3670166088441889
57	merged57	94.120000000000005	0.0029268300000000001	0.00074644500000000009	0.0077014199999999996	10.317464783071758	3.3670166088441889
184	merged184	94.799999999999997	0.0	0.0	0.0	nan	nan
222	merged222	95.060000000000002	0.0	0.0	0.0	nan	nan
145	merged145	97.719999999999999	0.0	0.0	0.0	nan	nan
339	merged339	97.780000000000001	0.0	0.0	0.0	nan	nan
78	merged78	97.780000000000001	0.0	0.0	0.0	nan	nan
298	merged298	97.879999999999995	0.0	0.0	0.0	nan	nan
167	merged167	97.959999999999994	0.0	0.0	0.0	nan	nan
149	merged149	98.159999999999997	0.0	0.0	0.00061538000000000001	inf	inf
239	merged239	100.90000000000001	0.0	0.0	0.00068073999999999999	inf	inf
277	merged277	101.62	0.0	0.0	0.0	nan	nan
238	merged238	103.23999999999999	0.0	0.0	0.0	nan	nan
193	merged193	104.34	0.0	0.0	0.0020768399999999999	inf	inf
95	merged95	104.34	0.0	0.0	0.0020768399999999999	inf	inf
265	merged265	105.38	0.00333016	0.00091524	0.0071513699999999998	7.8136554346400944	2.9659976371831656
303	merged303	105.58	0.0	0.0	0.0	nan	nan
201	merged201	112.08	0.0	0.0	0.0015592500000000001	inf	inf
196	merged196	112.64	0.0	0.0	0.0	nan	nan
97	merged97	112.72	0.0	0.0	0.0	nan	nan
163	merged163	120.38	0.0	0.0	0.0	nan	nan
132	merged132	121.78	0.0	0.0	0.0	nan	nan
217	merged217	122.68000000000001	0.0	0.0	0.0	nan	nan
113	merged113	122.72	0.0	0.0	0.0	nan	nan
183	merged183	122.8	0.0	0.0	0.0	nan	nan
75	merged75	124.3	0.0	0.0	0.00068073999999999999	inf	inf
182	merged182	124.5	0.0	0.0	0.00059595000000000004	inf	inf
116	merged116	124.98	0.0	0.0	0.00037879	inf	inf
221	merged221	125.06	0.0	0.0	0.00037879	inf	inf
318	merged318	125.86	0.0	0.0	0.0	nan	nan
111	merged111	127.78	0.0	0.0	0.0	nan	nan
214	merged214	128.02000000000001	0.0	0.0	0.0	nan	nan
332	merged332	128.36000000000001	0.0	0.0	0.0	nan	nan
50	merged50	128.68000000000001	0.0	0.0	0.0	nan	nan
188	merged188	128.81999999999999	0.0	0.0	0.00059241999999999997	inf	inf
91	merged91	128.94	0.0	0.0	0.00059241999999999997	inf	inf
291	merged291	129.75999999999999	0.0	0.0	0.0	nan	nan
63	merged63	131.53999999999999	0.0	0.0	0.0010330599999999999	inf	inf
3	merged3	132.02000000000001	0.0	0.0	0.0	nan	nan
209	merged209	132.84	0.0	0.0	0.0	nan	nan
106	merged106	132.97999999999999	0.0	0.0	0.0	nan	nan
48	merged48	133.16	0.0	0.0	0.0	nan	nan
21	merged21	133.25999999999999	0.0	0.0	0.0	nan	nan
154	merged154	133.31999999999999	0.0	0.0	0.0	nan	nan
98	merged98	137.59999999999999	0.0	0.0	0.015678250000000001	inf	inf
268	merged268	137.62	0.0	0.0	0.0	nan	nan
198	merged198	138.0	0.0	0.0	0.015678250000000001	inf	inf
136	merged136	139.58000000000001	0.0	0.0	0.00019845	inf	inf
276	merged276	139.90000000000001	0.0	0.0	0.00075443000000000005	inf	inf
320	merged320	140.31999999999999	0.0	0.0	0.0	nan	nan
70	merged70	140.34	0.0	0.0	0.0	nan	nan
158	merged158	140.62	0.0	0.0	0.0	nan	nan
29	merged29	140.66	0.0	0.0	0.0	nan	nan
251	merged251	140.72	0.00075872999999999999	0.0	0.0094876700000000001	inf	inf
10	merged10	141.62	0.0	0.0	0.0	nan	nan
170	merged170	143.31999999999999	0.0	0.0	0.0	nan	nan
34	merged34	143.53999999999999	0.0	0.0	0.0	nan	nan
80	merged80	143.62	0.0	0.0	0.0	nan	nan
342	merged342	143.72	0.0	0.0	0.0	nan	nan
323	merged323	144.36000000000001	0.0	0.0	0.00094786999999999996	inf	inf
52	merged52	144.88	0.00138456	0.00010818	0.01257862	116.27491218339804	6.8613960400425471
288	merged288	146.66	0.0	0.0	0.0	nan	nan
297	merged297	146.94	0.0	0.0	0.0	nan	nan
144	merged144	147.12	0.0	0.0	0.0	nan	nan
62	merged62	147.18000000000001	0.0	0.0	0.0	nan	nan
177	merged177	147.28	0.0	0.0	0.0	nan	nan
86	merged86	147.69999999999999	0.0	0.0	0.0	nan	nan
22	merged22	148.88	0.0027210899999999998	0.00042726500000000002	0.014153850000000001	33.126631013539608	5.0499195833288129
207	merged207	149.0	0.0	0.0	0.0	nan	nan
104	merged104	149.06	0.0	0.0	0.0	nan	nan
46	merged46	149.12	0.0	0.0	0.0	nan	nan
19	merged19	149.30000000000001	0.0	0.0	0.0	nan	nan
131	merged131	152.03999999999999	0.0	0.0	0.0	nan	nan
119	merged119	155.63999999999999	0.0	0.0	0.0	nan	nan
117	merged117	161.38	0.0	0.0	0.00078823000000000001	inf	inf
286	merged286	162.13999999999999	0.0	0.0	0.0	nan	nan
223	merged223	162.5	0.0	0.0	0.00078823000000000001	inf	inf
287	merged287	162.56	0.0	0.0	0.0	nan	nan
186	merged186	168.24000000000001	0.0	0.0	0.0	nan	nan
100	merged100	168.41999999999999	0.0	0.0	0.0	nan	nan
280	merged280	170.81999999999999	0.0	0.0	0.0	nan	nan
121	merged121	171.91999999999999	0.0	0.0	0.00059241999999999997	inf	inf
232	merged232	171.94	0.0	0.0	0.00059241999999999997	inf	inf
53	merged53	172.19999999999999	0.0	0.0	0.00059241999999999997	inf	inf
118	merged118	172.46000000000001	0.0	0.0	0.0	nan	nan
150	merged150	172.59999999999999	0.0	0.0	0.0	nan	nan
64	merged64	173.59999999999999	0.0	0.0	0.0	nan	nan
224	merged224	174.78	0.0	0.0	0.0	nan	nan
225	merged225	176.12	0.0	0.0	0.0	nan	nan
7	merged7	180.36000000000001	0.01834618	0.0039764099999999997	0.10967185	27.580619201742277	4.7855829414874442
314	merged314	180.78	0.0	0.0	0.0	nan	nan
218	merged218	184.86000000000001	0.0	0.0	0.0	nan	nan
114	merged114	184.97999999999999	0.0	0.0	0.0	nan	nan
192	merged192	188.31999999999999	0.0	0.0	0.0	nan	nan
309	merged309	189.30000000000001	0.0	0.0	0.0	nan	nan
331	merged331	189.47999999999999	0.0	0.0	0.00096338999999999995	inf	inf
301	merged301	190.81999999999999	0.0	0.0	0.0	nan	nan
148	merged148	192.30000000000001	0.0	0.0	0.0	nan	nan
258	merged258	195.5	0.0	0.0	0.0	nan	nan
282	merged282	196.5	0.0	0.0	0.0	nan	nan
203	merged203	198.0	0.0	0.0	0.0	nan	nan
227	merged227	198.5	0.0	0.0	0.0	nan	nan
313	merged313	198.75999999999999	0.0	0.0	0.0	nan	nan
202	merged202	198.81999999999999	0.0	0.0	0.0	nan	nan
211	merged211	199.28	0.0	0.0	0.0	nan	nan
162	merged162	200.25999999999999	0.0	0.0	0.00128535	inf	inf
108	merged108	200.41999999999999	0.0	0.0	0.0	nan	nan
74	merged74	200.41999999999999	0.0	0.0	0.00128535	inf	inf
270	merged270	204.02000000000001	0.0	0.0	0.0	nan	nan
139	merged139	205.09999999999999	0.0	0.0	0.0	nan	nan
292	merged292	205.22	0.0	0.0	0.0	nan	nan
333	merged333	207.03999999999999	0.0	0.0	0.0	nan	nan
5	merged5	207.30000000000001	0.0	0.0	0.0	nan	nan
58	merged58	207.41999999999999	0.0	0.0	0.0	nan	nan
25	merged25	207.59999999999999	0.0	0.0	0.0	nan	nan
254	merged254	208.16	0.00086543000000000004	0.0	0.00482315	inf	inf
236	merged236	210.44	0.0	0.0	0.00143472	inf	inf
125	merged125	211.08000000000001	0.0	0.0	0.0014771000000000001	inf	inf
59	merged59	211.66	0.0	0.0	0.0	nan	nan
26	merged26	212.28	0.0	0.0	0.0	nan	nan
6	merged6	212.38	0.0	0.0	0.0	nan	nan
257	merged257	212.63999999999999	0.0	0.0	0.0	nan	nan
294	merged294	213.69999999999999	0.0	0.0	0.0	nan	nan
329	merged329	213.84	0.0	0.0	0.0	nan	nan
141	merged141	214.38	0.0	0.0	0.0	nan	nan
115	merged115	216.47999999999999	0.0	0.0	0.0	nan	nan
66	merged66	219.16	0.0013633300000000001	0.0	0.0073846199999999997	inf	inf
231	merged231	219.28	0.00086355999999999998	0.0	0.0042492900000000002	inf	inf
79	merged79	221.0	0.0	0.0	0.0	nan	nan
11	merged11	222.59999999999999	0.0	0.0	0.0025906700000000002	inf	inf
37	merged37	223.28	0.0	0.0	0.0025906700000000002	inf	inf
83	merged83	223.38	0.0	0.0	0.0025906700000000002	inf	inf
345	merged345	224.84	0.0	0.0	0.0025906700000000002	inf	inf
173	merged173	225.18000000000001	0.0	0.0	0.0025906700000000002	inf	inf
120	merged120	225.69999999999999	0.00086355999999999998	0.0	0.0042492900000000002	inf	inf
259	merged259	226.24000000000001	0.0	0.0	0.0	nan	nan
305	merged305	226.94	0.0	0.0	0.0	nan	nan
187	merged187	227.38	0.0	0.0	0.0	nan	nan
324	merged324	227.40000000000001	0.0069444399999999996	0.00053584500000000007	0.048000000000000001	89.578142933124312	6.4850748525194257
249	merged249	227.58000000000001	0.00138456	0.0	0.0055516999999999997	inf	inf
31	merged31	227.59999999999999	0.0092101600000000002	0.001391485	0.06072106	43.637595805919574	5.4474997140918786
40	merged40	228.69999999999999	0.0	0.0	0.0	nan	nan
243	merged243	228.80000000000001	0.0	0.0	0.0	nan	nan
266	merged266	229.02000000000001	0.0	0.0	0.0	nan	nan
30	merged30	229.81999999999999	0.0	0.0	0.0	nan	nan
71	merged71	229.94	0.0	0.0	0.0	nan	nan
321	merged321	230.06	0.0	0.0	0.0	nan	nan
159	merged159	230.41999999999999	0.0	0.0	0.0	nan	nan
180	merged180	230.91999999999999	0.0	0.0	0.0	nan	nan
56	merged56	231.30000000000001	0.0	0.0	0.0	nan	nan
275	merged275	231.52000000000001	0.00074459999999999999	0.0	0.0051169600000000003	inf	inf
73	merged73	231.80000000000001	0.0074983000000000003	0.000671665	0.053714289999999998	79.971846083985312	6.3214202865894693
161	merged161	231.96000000000001	0.0074983000000000003	0.000671665	0.053714289999999998	79.971846083985312	6.3214202865894693
156	merged156	232.0	0.0	0.0	0.0	nan	nan
317	merged317	232.02000000000001	0.0	0.0	0.0	nan	nan
128	merged128	232.06	0.0	0.0	0.0	nan	nan
89	merged89	232.06	0.0	0.0	0.0	nan	nan
68	merged68	232.31999999999999	0.0	0.0	0.0	nan	nan
284	merged284	233.47999999999999	0.0	0.0	0.0	nan	nan
137	merged137	235.08000000000001	0.0	0.0	0.0	nan	nan
311	merged311	236.96000000000001	0.0	0.0	0.0	nan	nan
195	merged195	237.06	0.0	0.0	0.0	nan	nan
307	merged307	237.38	0.0	0.0	0.0	nan	nan
153	merged153	237.56	0.0	0.0	0.0	nan	nan
310	merged310	239.81999999999999	0.00073099000000000005	0.0	0.00303951	inf	inf
152	merged152	239.94	0.00073099000000000005	0.0	0.00303951	inf	inf
32	merged32	244.53999999999999	0.0	0.0	0.0	nan	nan
279	merged279	244.88	0.0	0.0	0.0	nan	nan
325	merged325	245.47999999999999	0.0	0.0	0.0	nan	nan
338	merged338	246.56	0.0	0.0	0.0	nan	nan
8	merged8	246.74000000000001	0.0	0.0	0.0	nan	nan
77	merged77	247.08000000000001	0.0	0.0	0.0	nan	nan
326	merged326	249.52000000000001	0.0	0.0	0.0	nan	nan
212	merged212	250.52000000000001	0.0	0.0	0.0	nan	nan
166	merged166	250.58000000000001	0.0	0.0	0.0	nan	nan
109	merged109	252.0	0.0	0.0	0.0	nan	nan
252	merged252	255.91999999999999	0.0	0.0	0.0	nan	nan
28	merged28	256.06	0.00198452	0.0	0.0079545499999999995	inf	inf
230	merged230	256.18000000000001	0.0	0.0	0.0	nan	nan
271	merged271	261.83999999999997	0.0	0.0	0.0	nan	nan
330	merged330	264.92000000000002	0.0	0.0	0.0	nan	nan
283	merged283	266.10000000000002	0.0	0.0	0.0	nan	nan
341	merged341	285.18000000000001	0.0	0.0	0.0	nan	nan
35	merged35	286.07999999999998	0.0	0.0	0.0	nan	nan
20	merged20	286.07999999999998	0.0	0.0	0.0	nan	nan
47	merged47	287.88	0.0	0.0	0.0	nan	nan
36	merged36	288.01999999999998	0.0	0.0	0.0	nan	nan
343	merged343	288.25999999999999	0.0	0.0	0.0	nan	nan
17	merged17	288.89999999999998	0.0	0.0	0.0	nan	nan
16	merged16	289.10000000000002	0.0	0.0	0.0	nan	nan
335	merged335	289.51999999999998	0.0	0.0	0.0	nan	nan
44	merged44	289.66000000000003	0.0	0.0	0.0	nan	nan
43	merged43	290.51999999999998	0.0	0.0	0.0	nan	nan
340	merged340	290.60000000000002	0.0	0.0	0.0	nan	nan
316	merged316	291.42000000000002	0.0	0.0	0.0	nan	nan
274	merged274	292.16000000000003	0.0	0.0	0.0	nan	nan
315	merged315	292.95999999999998	0.0	0.0	0.0	nan	nan
322	merged322	293.19999999999999	0.0	0.0	0.0	nan	nan
337	merged337	293.39999999999998	0.0	0.0	0.0	nan	nan
312	merged312	293.92000000000002	0.0	0.0	0.0	nan	nan
256	merged256	294.38	0.0	0.0	0.0	nan	nan
208	merged208	294.68000000000001	0.0	0.0	0.0	nan	nan
334	merged334	294.88	0.0	0.0	0.0	nan	nan
220	merged220	295.0	0.0	0.0	0.0	nan	nan
296	merged296	295.16000000000003	0.0	0.0	0.0	nan	nan
189	merged189	295.5	0.0	0.0	0.0	nan	nan
267	merged267	295.66000000000003	0.0	0.0	0.0	nan	nan
295	merged295	295.69999999999999	0.0	0.0	0.0	nan	nan
327	merged327	295.81999999999999	0.0	0.0	0.0	nan	nan
237	merged237	295.83999999999997	0.0	0.0	0.0	nan	nan
278	merged278	295.95999999999998	0.0	0.0	0.0	nan	nan
226	merged226	296.0	0.0	0.0	0.0	nan	nan
49	merged49	296.06	0.0	0.0	0.0	nan	nan
204	merged204	296.10000000000002	0.0	0.0	0.0	nan	nan
245	merged245	296.68000000000001	0.0	0.0	0.0	nan	nan
304	merged304	296.69999999999999	0.0	0.0	0.0	nan	nan
169	merged169	296.88	0.0	0.0	0.0	nan	nan
205	merged205	296.95999999999998	0.0	0.0	0.0	nan	nan
300	merged300	297.89999999999998	0.0	0.0	0.0	nan	nan
229	merged229	297.95999999999998	0.0	0.0	0.0	nan	nan
67	merged67	298.13999999999999	0.0	0.0	0.0	nan	nan
233	merged233	298.19999999999999	0.0	0.0	0.0	nan	nan
122	merged122	298.31999999999999	0.0	0.0	0.0	nan	nan
54	merged54	298.57999999999998	0.0	0.0	0.0	nan	nan
228	merged228	298.69999999999999	0.0	0.0	0.0	nan	nan
171	merged171	298.94	0.0	0.0	0.0	nan	nan
219	merged219	298.95999999999998	0.0	0.0	0.0	nan	nan
306	merged306	299.10000000000002	0.0	0.0	0.0	nan	nan
105	merged105	299.18000000000001	0.0	0.0	0.0	nan	nan
216	merged216	299.24000000000001	0.0	0.0	0.0	nan	nan
155	merged155	299.39999999999998	0.0	0.0	0.0	nan	nan
293	merged293	299.74000000000001	0.0	0.0	0.0	nan	nan
213	merged213	299.80000000000001	0.0	0.0	0.0	nan	nan
92	merged92	300.01999999999998	0.0	0.0	0.0	nan	nan
344	merged344	300.31999999999999	0.0	0.0	0.0	nan	nan
210	merged210	300.39999999999998	0.0	0.0	0.0	nan	nan
102	merged102	300.39999999999998	0.0	0.0	0.0	nan	nan
147	merged147	300.72000000000003	0.0	0.0	0.0	nan	nan
61	merged61	300.81999999999999	0.0	0.0	0.0	nan	nan
60	merged60	300.83999999999997	0.0	0.0	0.0	nan	nan
142	merged142	300.94	0.0	0.0	0.0	nan	nan
197	merged197	301.06	0.0	0.0	0.0	nan	nan
168	merged168	301.13999999999999	0.0	0.0	0.0	nan	nan
143	merged143	301.13999999999999	0.0	0.0	0.0	nan	nan
81	merged81	301.16000000000003	0.0	0.0	0.0	nan	nan
101	merged101	301.19999999999999	0.0	0.0	0.0	nan	nan
178	merged178	301.38	0.0	0.0	0.0	nan	nan
165	merged165	301.44	0.0	0.0	0.0	nan	nan
160	merged160	301.56	0.0	0.0	0.0	nan	nan
175	merged175	301.57999999999998	0.0	0.0	0.0	nan	nan
199	merged199	301.80000000000001	0.0	0.0	0.0	nan	nan
87	merged87	301.86000000000001	0.0	0.0	0.0	nan	nan
82	merged82	301.92000000000002	0.0	0.0	0.0	nan	nan
107	merged107	302.22000000000003	0.0	0.0	0.0	nan	nan
273	merged273	302.31999999999999	0.0	0.0	0.0	nan	nan
110	merged110	302.66000000000003	0.0	0.0	0.0	nan	nan
72	merged72	303.18000000000001	0.0	0.0	0.0	nan	nan
76	merged76	304.24000000000001	0.0	0.0	0.0	nan	nan
172	merged172	304.51999999999998	0.0	0.0	0.0	nan	nan
140	merged140	305.16000000000003	0.0	0.0	0.0	nan	nan
